
252
328
451
593
667
722
856
934
1040
115
1250
1388
1426
159
1610
176
1813
1920
2079
2124
2284
2349
2421
2594
2682
2715
2864
299
3053
3155
3238
3330
3481
3596
3693
3790
3830
3933
405
4132
4255
4362
4490
4510
465
473
4836
4988
5013
5149
5237
5366
5431
5558
562
5737
5849
5975
6010
6180
6262
6311
6485
6535
6646
674
6899
6999
7078
712
7277
7351
7461
7578
7659
7764
7869
7933
8029
8131
8225
8397
8483
8593
8673
873
8896
8946
9030
9182
9214
9395
9491
9573
961
979
9845
9925
10051
1017
10239
10322
10437
10510
10664
10783
10866
10982
11087
11184
11242
11381
11429
11562
11678
11788
11810
11918
12028
12191
12250
12356
12492
12586
12653
12770
12862
12977
13056
13117
13289
13378
13493
13565
13649
13770
13824
13982
14020
14122
142100
14311
14499
14583
14673
14767
1486
14971
15020
15139
15295
15349
15461
15538
15613
15764
15860
15912
16015
16186
16231
16321
16461
16544
16614
16749
16834
16963
17086
17116
17266
17387
174100
17527
17666
17716
17882
17962
18078
18197
18274
18334
18434
18531
18694
18744
188100
18952
19052
19198
19229
19363
19487
19541
19622
19715
19827
19939
20087
20166
20296
20378
20454
20566
20654
20733
20859
2095
21055
21138
21253
21330
2148
21540
21694
21745
2184
21949
22044
22142
22282
2237
224100
225100
22611
22781
22853
22957
23024
23137
2328
23385
23427
2355
23647
23762
23854
23969
24069
24193
24288
24386
24462
24594
24698
24758
24826
24949
25041
25134
25251
25334
25458
25547
25694
25722
25846
25945
26086
26134
26287
26354
26461
26552
26634
26785
26860
26926
27023
2713
27277
27334
27471
2753
27613
27711
27847
27949
28064
28197
28240
28378
28411
28516
28640
28723
28834
28958
29080
29168
29237
29381
29436
29517
29649
29759
29855
29951
30079
30125
30289
30346
30412
30511
30674
30718
3085
30925
31055
3114
31271
31313
31415
31561
31648
31778
31853
31934
32018
32198
32288
32361
32483
32515
32698
32766
32872
32947
3306
33197
33235
33371
33458
33574
33697
33765
33870
33969
3408
3412
34240
34382
34443
34566
34620
34787
34881
34991
3504
35124
35262
35359
35454
35560
35625
35797
35868
35980
36045
36189
36257
36355
36480
36544
36639
36793
36850
36969
37042
37186
37293
37330
37445
37598
37693
37770
37851
37978
38083
38157
38281
38368
38476
38554
3869
3879
38836
38957
39024
39185
39224
39344
39436
39551
39636
39794
39838
39911
40026
40174
40218
40359
40493
40599
40681
40711
40883
40990
41058
41195
41235
41349
41473
41522
41640
41796
41820
41926
42016
42166
4224
42311
42413
42560
42690
42796
42859
4298
43023
4313
4325
43378
4346
43527
43695
43787
43838
43932
44013
44163
44282
44341
44434
44531
44626
44740
44835
44935
4502
45125
4527
45345
45467
45532
45619
45742
45851
45919
46074
46192
4626
46349
46471
46598
46660
46759
46898
46925
47061
47175
47237
47315
47464
47573
47612
47789
47882
47977
48033
48172
48230
4834
48459
4858
48614
48782
48834
48939
49068
49115
49227
49312
49482
49583
49645
49766
49870
49975
50088
50166
50241
50333
50452
50511
50636
50797
50840
50985
51030
51124
51245
51319
51417
51531
51691
51782
51819
51914
52024
5218
52268
52368
52428
52523
52671
52727
52828
52960
53076
53118
53231
53356
53463
53572
53640
53792
5382
53959
54093
54180
54265
54375
54469
54546
54655
54794
54838
54954
55086
55161
55257
55398
55469
55570
55655
55738
55883
55947
56043
56187
56290
56364
56415
56597
56638
56777
56834
56999
57025
57144
57268
57342
57466
57586
57642
57780
57850
57992
58022
58183
58255
583100
58460
58516
58632
58782
58825
58938
59046
59147
59241
59355
59465
59594
59626
59735
59848
5996
60099
60191
60258
60350
60491
6058
60681
6077
60818
60940
61049
61170
61252
6132
61498
61575
61658
61773
61851
61972
62023
62152
62287
62378
62440
6256
62614
62737
62860
62999
63027
63189
63245
63330
63418
63510
63680
63726
63817
63995
64041
64113
64286
64383
64491
64512
64656
6471
64848
64961
65069
6514
65263
65373
65438
65580
65614
65793
65848
6593
66099
66128
66243
66355
66496
66568
66665
66754
66886
66984
67078
67165
6727
67372
67472
67548
67634
67769
67860
67927
68029
68194
6824
68363
68465
68520
68693
68756
6889
68966
69093
69161
69227
69315
69449
69585
69699
69749
69842
69967
70064
70178
70217
70398
70486
70578
70622
7074
70884
70910
71087
71163
71290
71315
71465
71575
71686
71752
7181
71937
7203
72170
72222
723100
72473
72539
72697
72710
72874
72917
73066
7316
7326
73361
73422
73524
7362
73782
73832
73982
74023
74151
74258
74384
74441
74530
74637
74785
7483
74970
75093
75152
75232
75355
7543
75595
75652
7575
75851
75931
76012
7616
76223
76346
76447
76592
7669
76796
76887
76925
77059
77142
77285
77312
77467
77570
7761
77714
77889
77933
78064
7818
78254
78383
78453
78545
78635
78749
78812
78915
79031
79151
79217
79371
79429
79533
7969
79715
79897
79920
8001
80184
80299
80374
80475
80562
80631
80768
80867
80977
81067
81158
81289
81328
81499
81568
81696
81755
81888
81969
82014
82170
82219
82391
82477
82570
82622
82785
82848
82923
83089
8311
83277
83310
83437
83571
83696
83775
8383
83985
84059
84130
84222
84347
84449
84520
84633
84760
84837
84930
85081
85175
85230
8533
8544
85598
85671
85722
85825
85939
8606
86129
86224
86334
86415
86572
86637
86723
86873
86952
87088
87123
87283
87352
87428
87545
87618
87735
87842
87931
88085
8815
88219
88310
88434
88561
88694
88772
88826
88926
89011
89190
89273
89322
89462
89514
89644
897100
89849
89992
9007
90127
90266
90344
90430
90529
90621
90772
90811
90954
91063
91146
91253
9134
91446
915100
91698
91747
91863
91973
92046
92146
92242
92324
92447
92540
92651
92733
92880
92977
93057
93117
93274
93343
93494
93573
93699
93762
93846
93987
94075
94163
94271
94342
94459
94526
94676
94745
94848
94961
95043
95116
95250
95398
95478
95525
95664
95793
95889
95928
96037
96169
96296
96384
96481
96535
96628
96732
96851
96948
97046
97125
97276
97344
97410
97572
97671
9771
978100
97927
9802
98156
98252
98327
98459
98552
98610
98735
98884
98911
99062
99155
99260
99375
99410
99513
99674
99737
99875
9999
10001